6.103515625000000000e-05,-2.384185791015625000e-07,-8.940696716308593750e-08,-1.694211321803247853e-37,-2.119155606812690645e-28,4.861796597493343254e-26,-6.103515625000000000e-05,0.000000000000000000e+00,4.882812500000000000e-04,-2.188607186239493412e-35,-1.218814750469751396e-24,-3.244792762595184264e-19,0.000000000000000000e+00,6.103515625000000000e-05,-1.024000000000000000e+03
6.103515625000000000e-05,-2.384185791015625000e-07,-8.940696716308593750e-08,-4.286028074357703099e-37,-2.336864172173682077e-28,-9.396141963610102140e-26,-6.103515625000000000e-05,0.000000000000000000e+00,4.882812500000000000e-04,-4.710476204486721131e-35,-1.470314059461204138e-24,-3.453426324644840287e-19,0.000000000000000000e+00,6.103515625000000000e-05,-1.024000000000000000e+03
6.103515625000000000e-05,-2.384185791015625000e-07,-8.940696716308593750e-08,-4.296344769963693840e-37,-2.401727085288213696e-28,-1.192383842580804955e-25,-6.103515625000000000e-05,0.000000000000000000e+00,4.882812500000000000e-04,-4.899871992044452331e-35,-1.488870040104265388e-24,-3.770945289640031262e-19,0.000000000000000000e+00,6.103515625000000000e-05,-1.024000000000000000e+03
6.103515625000000000e-05,-2.384185791015625000e-07,-8.940696716308593750e-08,-4.260152257434866757e-37,-2.278999366253324527e-28,1.202872241353784070e-25,-6.103515625000000000e-05,0.000000000000000000e+00,4.882812500000000000e-04,-4.937367277182058168e-35,-1.473617513109430278e-24,-4.242239198460361465e-19,0.000000000000000000e+00,6.103515625000000000e-05,-1.024000000000000000e+03
6.103515625000000000e-05,-2.384185791015625000e-07,-8.940696716308593750e-08,-1.827615159814724730e-37,-2.063054952721391804e-28,-1.289018810432313138e-25,-6.103515625000000000e-05,0.000000000000000000e+00,4.882812500000000000e-04,-2.308618386590607314e-35,-1.226344131987246496e-24,-1.227906192352810549e-19,0.000000000000000000e+00,6.103515625000000000e-05,-1.024000000000000000e+03
6.103515625000000000e-05,-2.384185791015625000e-07,-8.940696716308593750e-08,1.002404619262360352e-37,2.935719810577497596e-28,7.491887205188977994e-26,-6.103515625000000000e-05,0.000000000000000000e+00,4.882812500000000000e-04,1.374129937237214599e-35,1.507512598231674644e-24,4.435670214827058530e-19,0.000000000000000000e+00,6.103515625000000000e-05,-1.024000000000000000e+03
6.103515625000000000e-05,-2.384185791015625000e-07,-8.940696716308593750e-08,9.968622035762628351e-38,3.010668818810785170e-28,1.279694474532600778e-25,-6.103515625000000000e-05,0.000000000000000000e+00,4.882812500000000000e-04,1.191586225636571518e-35,1.376727545970309402e-24,4.458808524511698097e-19,0.000000000000000000e+00,6.103515625000000000e-05,-1.024000000000000000e+03
6.103515625000000000e-05,-2.384185791015625000e-07,-8.940696716308593750e-08,-4.171228771589619661e-37,-2.304217252203887945e-28,-1.184959182348477944e-25,-6.103515625000000000e-05,0.000000000000000000e+00,4.882812500000000000e-04,-4.984256185632924531e-35,-1.473526498282490403e-24,-4.471164017923826102e-19,0.000000000000000000e+00,6.103515625000000000e-05,-1.024000000000000000e+03
6.103515625000000000e-05,-2.384185791015625000e-07,-8.940696716308593750e-08,-1.680388689543393566e-37,1.877264342846243935e-28,-1.199968370405955661e-25,-6.103515625000000000e-05,0.000000000000000000e+00,4.882812500000000000e-04,-2.208355548730492941e-35,1.288164498723862070e-24,-3.164880394580084798e-19,0.000000000000000000e+00,6.103515625000000000e-05,-1.024000000000000000e+03
6.103515625000000000e-05,-2.384185791015625000e-07,-8.940696716308593750e-08,-1.908108209890839435e-37,-2.313412123240878706e-28,-1.248531264028943351e-25,-6.103515625000000000e-05,0.000000000000000000e+00,4.882812500000000000e-04,-1.710998608356554011e-35,-1.453781802862874241e-24,-3.907818607105239329e-19,0.000000000000000000e+00,6.103515625000000000e-05,-1.024000000000000000e+03
6.103515625000000000e-05,-2.384185791015625000e-07,-8.940696716308593750e-08,-1.681107948019162208e-37,-2.312555565898112482e-28,-1.168501325194271704e-25,-6.103515625000000000e-05,0.000000000000000000e+00,4.882812500000000000e-04,-1.858451402903377663e-35,-1.422250342227898331e-24,-3.436799218850700162e-19,0.000000000000000000e+00,6.103515625000000000e-05,-1.024000000000000000e+03
6.103515625000000000e-05,-2.384185791015625000e-07,-8.940696716308593750e-08,-4.710053815014255402e-37,5.957539763766284862e-28,3.720385125562910418e-26,-6.103515625000000000e-05,0.000000000000000000e+00,4.882812500000000000e-04,-5.596254819691989814e-35,2.577830396965586031e-24,-4.453271584286421268e-19,0.000000000000000000e+00,6.103515625000000000e-05,-1.024000000000000000e+03
6.103515625000000000e-05,-2.384185791015625000e-07,-8.940696716308593750e-08,-1.809176538309507349e-37,-2.128757812032919306e-28,-7.022314669868259697e-26,-6.103515625000000000e-05,0.000000000000000000e+00,4.882812500000000000e-04,-2.207937123251123093e-35,-1.262638931983173181e-24,-3.253038202338689413e-19,0.000000000000000000e+00,6.103515625000000000e-05,-1.024000000000000000e+03
6.103515625000000000e-05,-2.384185791015625000e-07,-8.940696716308593750e-08,1.131429904040269332e-37,2.919146220441073238e-28,3.661283420024719332e-25,-6.103515625000000000e-05,0.000000000000000000e+00,4.882812500000000000e-04,1.375772070702889679e-35,1.562792223380263352e-24,6.897578920647195443e-19,0.000000000000000000e+00,6.103515625000000000e-05,-1.024000000000000000e+03
6.103515625000000000e-05,-2.384185791015625000e-07,-8.940696716308593750e-08,-4.129125694242147645e-37,-2.304156103928153650e-28,-1.317897652317773531e-25,-6.103515625000000000e-05,0.000000000000000000e+00,4.882812500000000000e-04,-4.997738784412619616e-35,-1.475759467682331630e-24,-4.620417902713480187e-19,0.000000000000000000e+00,6.103515625000000000e-05,-1.024000000000000000e+03
6.103515625000000000e-05,-2.384185791015625000e-07,-8.940696716308593750e-08,9.577119423528160738e-38,3.169739558119990625e-28,2.489622830164553917e-25,-6.103515625000000000e-05,0.000000000000000000e+00,4.882812500000000000e-04,1.135705474168135841e-35,1.626908668389137834e-24,4.535551239817070930e-19,0.000000000000000000e+00,6.103515625000000000e-05,-1.024000000000000000e+03
6.103515625000000000e-05,-2.384185791015625000e-07,-8.940696716308593750e-08,-2.055319434034878745e-37,-2.125831842964908998e-28,-1.255090026158273861e-25,-6.103515625000000000e-05,0.000000000000000000e+00,4.882812500000000000e-04,-2.221596218374996817e-35,-1.231887950606300309e-24,-1.682604014651971366e-19,0.000000000000000000e+00,6.103515625000000000e-05,-1.024000000000000000e+03
6.103515625000000000e-05,-2.384185791015625000e-07,-8.940696716308593750e-08,5.806423007269363519e-37,1.636224099173973336e-28,-3.328430956637699848e-26,-6.103515625000000000e-05,0.000000000000000000e+00,4.882812500000000000e-04,6.954113802897412320e-35,1.071915242066983935e-24,1.040446282635404083e-18,0.000000000000000000e+00,6.103515625000000000e-05,-1.024000000000000000e+03
6.103515625000000000e-05,-2.384185791015625000e-07,-8.940696716308593750e-08,1.244409088259010552e-37,3.151870780095965851e-28,2.165032698683593005e-25,-6.103515625000000000e-05,0.000000000000000000e+00,4.882812500000000000e-04,1.173539402697824270e-35,1.407363748085472617e-24,3.804723726941516993e-19,0.000000000000000000e+00,6.103515625000000000e-05,-1.024000000000000000e+03
6.103515625000000000e-05,-2.384185791015625000e-07,-8.940696716308593750e-08,1.285271399894230801e-37,3.377515139792804887e-28,2.906493910338268790e-25,-6.103515625000000000e-05,0.000000000000000000e+00,4.882812500000000000e-04,1.034850584343727917e-35,1.621963496589533616e-24,3.234869180183962160e-19,0.000000000000000000e+00,6.103515625000000000e-05,-1.024000000000000000e+03
6.103515625000000000e-05,-2.384185791015625000e-07,-8.940696716308593750e-08,-2.114848162253677018e-37,2.080734989610866629e-28,-1.026071934088794039e-25,-6.103515625000000000e-05,0.000000000000000000e+00,4.882812500000000000e-04,-2.345079087466808281e-35,1.332481126657368071e-24,-3.377399120569325822e-19,0.000000000000000000e+00,6.103515625000000000e-05,-1.024000000000000000e+03
6.103515625000000000e-05,-2.384185791015625000e-07,-8.940696716308593750e-08,3.004859227951506778e-37,-7.942071663760092479e-29,-6.671459537807481638e-26,-6.103515625000000000e-05,0.000000000000000000e+00,4.882812500000000000e-04,3.800648168725078499e-35,-2.524540279019964715e-25,4.493764143222423355e-19,0.000000000000000000e+00,6.103515625000000000e-05,-1.024000000000000000e+03
6.103515625000000000e-05,-2.384185791015625000e-07,-8.940696716308593750e-08,-1.718890541941427948e-37,-2.303436287611438921e-28,-9.245704956389290780e-26,-6.103515625000000000e-05,0.000000000000000000e+00,4.882812500000000000e-04,-1.677287519632508400e-35,-1.436995533053063178e-24,-4.604862771294420502e-19,0.000000000000000000e+00,6.103515625000000000e-05,-1.024000000000000000e+03
6.103515625000000000e-05,-2.384185791015625000e-07,-8.940696716308593750e-08,6.564628163620555277e-38,2.571224087092602501e-28,1.619339276832606056e-25,-6.103515625000000000e-05,0.000000000000000000e+00,4.882812500000000000e-04,9.144358817813698406e-36,1.804052117821947361e-24,1.972194518734016475e-19,0.000000000000000000e+00,6.103515625000000000e-05,-1.024000000000000000e+03
6.103515625000000000e-05,-2.384185791015625000e-07,-8.940696716308593750e-08,-1.891726694531250885e-37,1.486885083873756583e-28,-1.216608528384977819e-25,-6.103515625000000000e-05,0.000000000000000000e+00,4.882812500000000000e-04,-2.163741003739164329e-35,1.262166601516172100e-24,-3.386392900273250038e-19,0.000000000000000000e+00,6.103515625000000000e-05,-1.024000000000000000e+03
6.103515625000000000e-05,-2.384185791015625000e-07,-8.940696716308593750e-08,-2.143615362375862615e-37,-2.425846950429233341e-28,9.115449229795328837e-26,-6.103515625000000000e-05,0.000000000000000000e+00,4.882812500000000000e-04,-1.792494288604931894e-35,-1.433849358547815478e-24,-2.410673914160426647e-19,0.000000000000000000e+00,6.103515625000000000e-05,-1.024000000000000000e+03
6.103515625000000000e-05,-2.384185791015625000e-07,-8.940696716308593750e-08,-4.730201123814931891e-37,5.888753249872550346e-28,-1.106212375079954849e-25,-6.103515625000000000e-05,0.000000000000000000e+00,4.882812500000000000e-04,-5.566847371906648066e-35,2.558056415084863538e-24,-4.356109915560176946e-19,0.000000000000000000e+00,6.103515625000000000e-05,-1.024000000000000000e+03
6.103515625000000000e-05,-2.384185791015625000e-07,-8.940696716308593750e-08,-1.683672212104999477e-37,-2.310363135397670663e-28,4.484563312616655409e-27,-6.103515625000000000e-05,0.000000000000000000e+00,4.882812500000000000e-04,-1.779817259318097688e-35,-1.448587942662899099e-24,-3.270219777637181489e-19,0.000000000000000000e+00,6.103515625000000000e-05,-1.024000000000000000e+03
6.103515625000000000e-05,-2.384185791015625000e-07,-8.940696716308593750e-08,-2.100859392047892380e-37,1.902372210048734233e-28,-6.349134669719669438e-26,-6.103515625000000000e-05,0.000000000000000000e+00,4.882812500000000000e-04,-2.248114578848393261e-35,1.201100287197334660e-24,-2.815370736382288323e-19,0.000000000000000000e+00,6.103515625000000000e-05,-1.024000000000000000e+03
6.103515625000000000e-05,-2.384185791015625000e-07,-8.940696716308593750e-08,2.578213395478298505e-37,-5.885839317866692459e-29,2.117881989340467366e-26,-6.103515625000000000e-05,0.000000000000000000e+00,4.882812500000000000e-04,3.681214958027908954e-35,-2.686680777326828429e-25,4.032575796548076922e-19,0.000000000000000000e+00,6.103515625000000000e-05,-1.024000000000000000e+03
6.103515625000000000e-05,-2.384185791015625000e-07,-8.940696716308593750e-08,8.260136527282382181e-38,2.515809786285234660e-28,8.563086358769247556e-26,-6.103515625000000000e-05,0.000000000000000000e+00,4.882812500000000000e-04,8.501349632589483441e-36,1.950959317618540726e-24,1.341144633271905810e-19,0.000000000000000000e+00,6.103515625000000000e-05,-1.024000000000000000e+03
6.103515625000000000e-05,-2.384185791015625000e-07,-8.940696716308593750e-08,-1.596032988276336790e-37,-2.299763539207492462e-28,-2.600624187695301133e-26,-6.103515625000000000e-05,0.000000000000000000e+00,4.882812500000000000e-04,-1.706396502055336677e-35,-1.442489259004635457e-24,-3.964834357270929567e-19,0.000000000000000000e+00,6.103515625000000000e-05,-1.024000000000000000e+03
6.103515625000000000e-05,-2.384185791015625000e-07,-8.940696716308593750e-08,-2.553725872970038046e-37,2.030288625095045663e-28,1.111410475407295553e-25,-6.103515625000000000e-05,0.000000000000000000e+00,4.882812500000000000e-04,-2.785772378767564658e-35,1.104127982701231342e-24,-1.607532204183955648e-19,0.000000000000000000e+00,6.103515625000000000e-05,-1.024000000000000000e+03
6.103515625000000000e-05,-2.384185791015625000e-07,-8.940696716308593750e-08,2.775570925947279990e-38,-2.363242190174495756e-28,-1.233184468155934330e-25,-6.103515625000000000e-05,0.000000000000000000e+00,4.882812500000000000e-04,5.925943676927327276e-36,-1.398297665524606986e-24,-2.609610334491546957e-19,0.000000000000000000e+00,6.103515625000000000e-05,-1.024000000000000000e+03
6.103515625000000000e-05,-2.384185791015625000e-07,-8.940696716308593750e-08,-2.253308109332192127e-37,-4.633279482172857329e-29,-2.409676707801062002e-26,-6.103515625000000000e-05,0.000000000000000000e+00,4.882812500000000000e-04,-2.441451257135004259e-35,3.076447089835215099e-25,-4.235540586462330477e-19,0.000000000000000000e+00,6.103515625000000000e-05,-1.024000000000000000e+03
6.103515625000000000e-05,-2.384185791015625000e-07,-8.940696716308593750e-08,-2.204097421965910347e-37,-3.883558288246655124e-29,-6.923305230692036268e-26,-6.103515625000000000e-05,0.000000000000000000e+00,4.882812500000000000e-04,-2.465498668789899751e-35,2.815024502301760945e-25,-4.554643602330560500e-19,0.000000000000000000e+00,6.103515625000000000e-05,-1.024000000000000000e+03
6.103515625000000000e-05,-2.384185791015625000e-07,-8.940696716308593750e-08,-1.842545602588535645e-37,-2.165457370088190279e-28,-7.372250285936389514e-27,-6.103515625000000000e-05,0.000000000000000000e+00,4.882812500000000000e-04,-2.260712400019791199e-35,-1.223338078900288678e-24,-3.762965581668308773e-19,0.000000000000000000e+00,6.103515625000000000e-05,-1.024000000000000000e+03
6.103515625000000000e-05,-2.384185791015625000e-07,-8.940696716308593750e-08,-4.168560250898036626e-37,-2.410144121368915062e-28,-1.298708117760206656e-25,-6.103515625000000000e-05,0.000000000000000000e+00,4.882812500000000000e-04,-4.940271000776203653e-35,-1.472733101427064371e-24,-4.663685135616714837e-19,0.000000000000000000e+00,6.103515625000000000e-05,-1.024000000000000000e+03
6.103515625000000000e-05,-2.384185791015625000e-07,-8.940696716308593750e-08,1.561659024842571881e-37,3.474460193920939082e-28,1.945915858680526628e-25,-6.103515625000000000e-05,0.000000000000000000e+00,4.882812500000000000e-04,1.281928821010144385e-35,1.399913351266112771e-24,6.828003725349594594e-19,0.000000000000000000e+00,6.103515625000000000e-05,-1.024000000000000000e+03
6.103515625000000000e-05,-2.384185791015625000e-07,-8.940696716308593750e-08,1.294838793185377776e-37,3.461256018222220193e-28,4.033441864090507256e-25,-6.103515625000000000e-05,0.000000000000000000e+00,4.882812500000000000e-04,1.283196724828975651e-35,1.520506715062475151e-24,4.892514829309735876e-19,0.000000000000000000e+00,6.103515625000000000e-05,-1.024000000000000000e+03
6.103515625000000000e-05,-2.384185791015625000e-07,-8.940696716308593750e-08,-1.910814173277389229e-37,-2.154976218589591893e-28,-1.300580429814942151e-25,-6.103515625000000000e-05,0.000000000000000000e+00,4.882812500000000000e-04,-2.260873973095844165e-35,-1.256105388750906456e-24,-1.723475267212157886e-19,0.000000000000000000e+00,6.103515625000000000e-05,-1.024000000000000000e+03
6.103515625000000000e-05,-2.384185791015625000e-07,-8.940696716308593750e-08,1.132803400743061945e-37,3.196564391867902143e-28,3.227138258178927353e-25,-6.103515625000000000e-05,0.000000000000000000e+00,4.882812500000000000e-04,1.144705926763469967e-35,1.488298510378432765e-24,2.973973313057440158e-19,0.000000000000000000e+00,6.103515625000000000e-05,-1.024000000000000000e+03
6.103515625000000000e-05,-2.384185791015625000e-07,-8.940696716308593750e-08,6.157171824421688195e-37,1.530548804607931801e-28,-4.463265917068434702e-26,-6.103515625000000000e-05,0.000000000000000000e+00,4.882812500000000000e-04,6.868161518212042421e-35,1.053676383507821532e-24,1.125763035182618757e-18,0.000000000000000000e+00,6.103515625000000000e-05,-1.024000000000000000e+03
6.103515625000000000e-05,-2.384185791015625000e-07,-8.940696716308593750e-08,1.917300055193547359e-37,3.124090685095638264e-28,1.692359693486323250e-25,-6.103515625000000000e-05,0.000000000000000000e+00,4.882812500000000000e-04,8.283992232339047867e-36,1.412391553064898736e-24,3.998360504485586624e-19,0.000000000000000000e+00,6.103515625000000000e-05,-1.024000000000000000e+03
6.103515625000000000e-05,-2.384185791015625000e-07,-8.940696716308593750e-08,-2.019783850226127136e-37,1.985526161327597528e-28,-1.135171335651101751e-25,-6.103515625000000000e-05,0.000000000000000000e+00,4.882812500000000000e-04,-2.335149087458799988e-35,1.262635579324325991e-24,-3.421921341558168268e-19,0.000000000000000000e+00,6.103515625000000000e-05,-1.024000000000000000e+03
6.103515625000000000e-05,-2.384185791015625000e-07,-8.940696716308593750e-08,-1.708523399590721513e-37,-2.286554067201426508e-28,-1.181560917480205554e-25,-6.103515625000000000e-05,0.000000000000000000e+00,4.882812500000000000e-04,-1.855497169786345283e-35,-1.442951728710321275e-24,-4.598791782586164124e-19,0.000000000000000000e+00,6.103515625000000000e-05,-1.024000000000000000e+03
6.103515625000000000e-05,-2.384185791015625000e-07,-8.940696716308593750e-08,2.776225612589812544e-37,-8.581636887104636246e-29,-3.208564774684531512e-26,-6.103515625000000000e-05,0.000000000000000000e+00,4.882812500000000000e-04,3.865745760176670570e-35,-1.920089415460205787e-25,5.480612327489264888e-19,0.000000000000000000e+00,6.103515625000000000e-05,-1.024000000000000000e+03
6.103515625000000000e-05,-2.384185791015625000e-07,-8.940696716308593750e-08,1.215523506442558794e-37,2.643174422402479148e-28,8.411454966834125008e-26,-6.103515625000000000e-05,0.000000000000000000e+00,4.882812500000000000e-04,8.554648658672177590e-36,1.914610184827766944e-24,1.928881790897091409e-19,0.000000000000000000e+00,6.103515625000000000e-05,-1.024000000000000000e+03
6.103515625000000000e-05,-2.384185791015625000e-07,-8.940696716308593750e-08,-1.933230240343746171e-37,-2.180903328242175911e-28,-4.691731128576919391e-26,-6.103515625000000000e-05,0.000000000000000000e+00,4.882812500000000000e-04,-2.177884818091196950e-35,-1.245904332562654094e-24,-2.973916444390327137e-19,0.000000000000000000e+00,6.103515625000000000e-05,-1.024000000000000000e+03
6.103515625000000000e-05,-2.384185791015625000e-07,-8.940696716308593750e-08,1.303097710022476810e-37,3.009122297065442220e-28,3.428469859295236697e-25,-6.103515625000000000e-05,0.000000000000000000e+00,4.882812500000000000e-04,1.160737534533400295e-35,1.741553232099228564e-24,7.303196239794463785e-19,0.000000000000000000e+00,6.103515625000000000e-05,-1.024000000000000000e+03
6.103515625000000000e-05,-2.384185791015625000e-07,-8.940696716308593750e-08,1.674973623861733889e-37,3.117900264771891591e-28,2.933378783026266635e-25,-6.103515625000000000e-05,0.000000000000000000e+00,4.882812500000000000e-04,9.071097050753660917e-36,1.469285187625569633e-24,6.214773378233407527e-19,0.000000000000000000e+00,6.103515625000000000e-05,-1.024000000000000000e+03
6.103515625000000000e-05,-2.384185791015625000e-07,-8.940696716308593750e-08,5.836340393171066925e-37,1.983331082673482176e-28,5.853826163663697835e-26,-6.103515625000000000e-05,0.000000000000000000e+00,4.882812500000000000e-04,6.790724679907922256e-35,1.085760539814517914e-24,1.143203621410416499e-18,0.000000000000000000e+00,6.103515625000000000e-05,-1.024000000000000000e+03
6.103515625000000000e-05,-2.384185791015625000e-07,-8.940696716308593750e-08,-1.790627606589178319e-37,-1.997375445310439996e-28,-1.011857585023084712e-25,-6.103515625000000000e-05,0.000000000000000000e+00,4.882812500000000000e-04,-2.245042394515982961e-35,-1.242156059971496456e-24,-2.743830987129874033e-19,0.000000000000000000e+00,6.103515625000000000e-05,-1.024000000000000000e+03
6.103515625000000000e-05,-2.384185791015625000e-07,-8.940696716308593750e-08,6.011291497507126023e-37,2.218156350415215166e-28,-8.430456653888636130e-26,-6.103515625000000000e-05,0.000000000000000000e+00,4.882812500000000000e-04,6.788446011659502099e-35,9.725593943457553300e-25,9.864187741313499426e-19,0.000000000000000000e+00,6.103515625000000000e-05,-1.024000000000000000e+03
6.103515625000000000e-05,-2.384185791015625000e-07,-8.940696716308593750e-08,6.320247989259427355e-37,1.847440354692435395e-28,-6.904874851496228176e-27,-6.103515625000000000e-05,0.000000000000000000e+00,4.882812500000000000e-04,6.665166041617014697e-35,1.031115750479405815e-24,9.864274595277817494e-19,0.000000000000000000e+00,6.103515625000000000e-05,-1.024000000000000000e+03
6.103515625000000000e-05,-2.384185791015625000e-07,-8.940696716308593750e-08,6.309730851921099592e-37,1.879816681505043120e-28,-9.761805493976075880e-26,-6.103515625000000000e-05,0.000000000000000000e+00,4.882812500000000000e-04,6.533248943160868221e-35,1.056269566518509303e-24,9.584224327091864444e-19,0.000000000000000000e+00,6.103515625000000000e-05,-1.024000000000000000e+03
6.103515625000000000e-05,-2.384185791015625000e-07,-8.940696716308593750e-08,-1.833338735366290159e-37,1.571042444653645628e-28,1.829695076926094452e-26,-6.103515625000000000e-05,0.000000000000000000e+00,4.882812500000000000e-04,-2.281715464977049283e-35,1.280314938286460392e-24,-3.846624043882507764e-19,0.000000000000000000e+00,6.103515625000000000e-05,-1.024000000000000000e+03
6.103515625000000000e-05,-2.384185791015625000e-07,-8.940696716308593750e-08,3.080382264738231367e-37,-7.862528349644469155e-29,-1.110788877665884684e-26,-6.103515625000000000e-05,0.000000000000000000e+00,4.882812500000000000e-04,3.545260541571916789e-35,-1.982367025699010090e-25,4.048931225209781662e-19,0.000000000000000000e+00,6.103515625000000000e-05,-1.024000000000000000e+03
6.103515625000000000e-05,-2.384185791015625000e-07,-8.940696716308593750e-08,3.411162242462295962e-37,-4.608502393438315540e-29,-2.065208267584663119e-26,-6.103515625000000000e-05,0.000000000000000000e+00,4.882812500000000000e-04,3.636277553870399904e-35,-1.325114743524414263e-25,4.425705790373091620e-19,0.000000000000000000e+00,6.103515625000000000e-05,-1.024000000000000000e+03
6.103515625000000000e-05,-2.384185791015625000e-07,-8.940696716308593750e-08,5.780647187004941396e-37,-2.227896741108953611e-28,1.528134506977896572e-27,-6.103515625000000000e-05,0.000000000000000000e+00,4.882812500000000000e-04,7.044694596589144977e-35,-1.486720098314698673e-24,8.052605331155255797e-19,0.000000000000000000e+00,6.103515625000000000e-05,-1.024000000000000000e+03
6.103515625000000000e-05,-2.384185791015625000e-07,-8.940696716308593750e-08,-1.900072379769260912e-37,1.595095865211583914e-28,-1.124534285901295052e-25,-6.103515625000000000e-05,0.000000000000000000e+00,4.882812500000000000e-04,-2.129333113188019959e-35,1.182933214980547369e-24,-3.743526837273312623e-19,0.000000000000000000e+00,6.103515625000000000e-05,-1.024000000000000000e+03
6.103515625000000000e-05,-2.384185791015625000e-07,-8.940696716308593750e-08,-1.625403979880830664e-37,-2.367053124051951999e-28,9.768766575167069105e-26,-6.103515625000000000e-05,0.000000000000000000e+00,4.882812500000000000e-04,-1.970998960290176324e-35,-1.428399118553643507e-24,-2.753009590001915566e-19,0.000000000000000000e+00,6.103515625000000000e-05,-1.024000000000000000e+03
6.103515625000000000e-05,-2.384185791015625000e-07,-8.940696716308593750e-08,1.188251772041500643e-37,2.513394670134973066e-28,9.936964046111832900e-26,-6.103515625000000000e-05,0.000000000000000000e+00,4.882812500000000000e-04,7.100818138150548343e-36,1.980378307356947919e-24,1.836625820191169387e-19,0.000000000000000000e+00,6.103515625000000000e-05,-1.024000000000000000e+03
6.103515625000000000e-05,-2.384185791015625000e-07,-8.940696716308593750e-08,2.920525723252124907e-37,-1.050959507646455491e-28,-2.914845975172296252e-26,-6.103515625000000000e-05,0.000000000000000000e+00,4.882812500000000000e-04,3.564138475750893858e-35,-1.349110906185105916e-25,5.193434864350401814e-19,0.000000000000000000e+00,6.103515625000000000e-05,-1.024000000000000000e+03
6.103515625000000000e-05,-2.384185791015625000e-07,-8.940696716308593750e-08,-1.588725609148452880e-37,2.149377540241258199e-28,-1.900931681857880634e-26,-6.103515625000000000e-05,0.000000000000000000e+00,4.882812500000000000e-04,-2.319606790691836457e-35,1.305604832831714504e-24,-3.723815123276173973e-19,0.000000000000000000e+00,6.103515625000000000e-05,-1.024000000000000000e+03
6.103515625000000000e-05,-2.384185791015625000e-07,-8.940696716308593750e-08,3.457927495852515217e-37,-9.133228038002001562e-29,5.224093294167737004e-26,-6.103515625000000000e-05,0.000000000000000000e+00,4.882812500000000000e-04,3.657136838878985633e-35,-3.584232910221454294e-25,3.812053581144502509e-19,0.000000000000000000e+00,6.103515625000000000e-05,-1.024000000000000000e+03
6.103515625000000000e-05,-2.384185791015625000e-07,-8.940696716308593750e-08,5.920496325329049555e-37,-2.235370312258148280e-28,-9.026390531381369828e-26,-6.103515625000000000e-05,0.000000000000000000e+00,4.882812500000000000e-04,6.949373943351957999e-35,-1.479977309727322075e-24,5.491803047201341661e-19,0.000000000000000000e+00,6.103515625000000000e-05,-1.024000000000000000e+03
6.103515625000000000e-05,-2.384185791015625000e-07,-8.940696716308593750e-08,3.213393963387451587e-37,-6.180985674431605869e-29,3.144972724962402698e-26,-6.103515625000000000e-05,0.000000000000000000e+00,4.882812500000000000e-04,3.532991319285209164e-35,-2.747635073397124485e-25,4.231914950439933988e-19,0.000000000000000000e+00,6.103515625000000000e-05,-1.024000000000000000e+03
6.103515625000000000e-05,-2.384185791015625000e-07,-8.940696716308593750e-08,-1.977672925607254902e-37,1.677312851572502819e-28,1.240339559825805348e-26,-6.103515625000000000e-05,0.000000000000000000e+00,4.882812500000000000e-04,-2.870165181933801669e-35,1.115268079189536165e-24,-3.758039721120555493e-19,0.000000000000000000e+00,6.103515625000000000e-05,-1.024000000000000000e+03
6.103515625000000000e-05,-2.384185791015625000e-07,-8.940696716308593750e-08,3.803863917766717034e-39,-2.317028778935194886e-28,-1.294602466527080612e-25,-6.103515625000000000e-05,0.000000000000000000e+00,4.882812500000000000e-04,5.885903400602443108e-36,-1.445172076335678965e-24,-3.238363759778057280e-19,0.000000000000000000e+00,6.103515625000000000e-05,-1.024000000000000000e+03
6.103515625000000000e-05,-2.384185791015625000e-07,-8.940696716308593750e-08,2.797041957329296275e-37,-2.363110745455791327e-28,-6.077294434375673177e-26,-6.103515625000000000e-05,0.000000000000000000e+00,4.882812500000000000e-04,3.364856597031754904e-35,-1.468693837769493332e-24,1.859024320215456840e-19,0.000000000000000000e+00,6.103515625000000000e-05,-1.024000000000000000e+03
6.103515625000000000e-05,-2.384185791015625000e-07,-8.940696716308593750e-08,2.812810937104159160e-37,-2.398712041960275478e-28,-2.961679661039136197e-27,-6.103515625000000000e-05,0.000000000000000000e+00,4.882812500000000000e-04,3.520986124049955762e-35,-1.504570640093266033e-24,2.736911104317985111e-19,0.000000000000000000e+00,6.103515625000000000e-05,-1.024000000000000000e+03
6.103515625000000000e-05,-2.384185791015625000e-07,-8.940696716308593750e-08,-1.901694971287071904e-37,1.638618511577332766e-28,-9.211703818779100764e-26,-6.103515625000000000e-05,0.000000000000000000e+00,4.882812500000000000e-04,-2.252126929072720996e-35,1.175975264581271739e-24,-3.420366758994451422e-19,0.000000000000000000e+00,6.103515625000000000e-05,-1.024000000000000000e+03
6.103515625000000000e-05,-2.384185791015625000e-07,-8.940696716308593750e-08,-4.727889990283690257e-37,5.142959027102953716e-28,-9.419365905400292286e-26,-6.103515625000000000e-05,0.000000000000000000e+00,4.882812500000000000e-04,-5.591633772319689894e-35,2.442957270278139200e-24,-4.596029516328119857e-19,0.000000000000000000e+00,6.103515625000000000e-05,-1.024000000000000000e+03
6.103515625000000000e-05,-2.384185791015625000e-07,-8.940696716308593750e-08,-2.219184585959971350e-37,-2.347674176210284583e-28,1.079479358116212048e-25,-6.103515625000000000e-05,0.000000000000000000e+00,4.882812500000000000e-04,-2.049055401207437435e-35,-1.443716332142706741e-24,-2.755042644851206055e-19,0.000000000000000000e+00,6.103515625000000000e-05,-1.024000000000000000e+03
6.103515625000000000e-05,-2.384185791015625000e-07,-8.940696716308593750e-08,-2.018412819808631735e-37,-2.354698283458707881e-28,1.167911405148586116e-25,-6.103515625000000000e-05,0.000000000000000000e+00,4.882812500000000000e-04,-1.772382888918182806e-35,-1.432698311879484869e-24,-2.854403580031075739e-19,0.000000000000000000e+00,6.103515625000000000e-05,-1.024000000000000000e+03
6.103515625000000000e-05,-2.384185791015625000e-07,-8.940696716308593750e-08,-1.852972832617392328e-37,1.843784939657988421e-28,-4.009598789749235056e-26,-6.103515625000000000e-05,0.000000000000000000e+00,4.882812500000000000e-04,-2.277381116544317591e-35,1.358632654526349834e-24,-2.843513230278932284e-19,0.000000000000000000e+00,6.103515625000000000e-05,-1.024000000000000000e+03
6.103515625000000000e-05,-2.384185791015625000e-07,-8.940696716308593750e-08,8.073994765514102240e-38,2.694874567312096204e-28,3.887704988750615838e-26,-6.103515625000000000e-05,0.000000000000000000e+00,4.882812500000000000e-04,8.878483576999294100e-36,1.795260657463711795e-24,2.113350305326776420e-19,0.000000000000000000e+00,6.103515625000000000e-05,-1.024000000000000000e+03
6.103515625000000000e-05,-2.384185791015625000e-07,-8.940696716308593750e-08,2.597420825372983054e-37,-5.885841725279122943e-29,-6.366840282958805725e-26,-6.103515625000000000e-05,0.000000000000000000e+00,4.882812500000000000e-04,3.661594304273754132e-35,-2.745954799669003730e-25,3.542175566541420318e-19,0.000000000000000000e+00,6.103515625000000000e-05,-1.024000000000000000e+03
6.103515625000000000e-05,-2.384185791015625000e-07,-8.940696716308593750e-08,-2.029064930215043265e-37,-2.333867184438972489e-28,2.753973817289608196e-26,-6.103515625000000000e-05,0.000000000000000000e+00,4.882812500000000000e-04,-1.896937937427638818e-35,-1.440515824842611943e-24,-3.943659567565337749e-19,0.000000000000000000e+00,6.103515625000000000e-05,-1.024000000000000000e+03
6.103515625000000000e-05,-2.384185791015625000e-07,-8.940696716308593750e-08,-2.326663953965930527e-37,2.097312913089665858e-28,1.609166175902682464e-25,-6.103515625000000000e-05,0.000000000000000000e+00,4.882812500000000000e-04,-2.773506026340111970e-35,1.247088708604230291e-24,-1.482410538283711876e-19,0.000000000000000000e+00,6.103515625000000000e-05,-1.024000000000000000e+03
6.103515625000000000e-05,-2.384185791015625000e-07,-8.940696716308593750e-08,-2.284349897121669767e-37,-3.256290127597023859e-29,-6.240202223172380766e-26,-6.103515625000000000e-05,0.000000000000000000e+00,4.882812500000000000e-04,-2.522598823455758256e-35,2.608889231310721402e-25,-4.442651619197006083e-19,0.000000000000000000e+00,6.103515625000000000e-05,-1.024000000000000000e+03
6.103515625000000000e-05,-2.384185791015625000e-07,-8.940696716308593750e-08,-2.622647785054898433e-39,-2.363241949433252707e-28,-1.085696198346935825e-25,-6.103515625000000000e-05,0.000000000000000000e+00,4.882812500000000000e-04,7.531434779635369134e-36,-1.415103952679888032e-24,-2.950517572812733367e-19,0.000000000000000000e+00,6.103515625000000000e-05,-1.024000000000000000e+03
6.103515625000000000e-05,-2.384185791015625000e-07,-8.940696716308593750e-08,-2.380501616757535707e-37,-2.151723563654764900e-29,-3.349822645715997754e-26,-6.103515625000000000e-05,0.000000000000000000e+00,4.882812500000000000e-04,-2.549876548688011089e-35,2.345336719333170516e-25,-4.144899944396359664e-19,0.000000000000000000e+00,6.103515625000000000e-05,-1.024000000000000000e+03
6.103515625000000000e-05,-2.384185791015625000e-07,-8.940696716308593750e-08,-1.837268424675765530e-37,1.359755170468484290e-28,-9.991597594179045599e-26,-6.103515625000000000e-05,0.000000000000000000e+00,4.882812500000000000e-04,-1.935530369758407156e-35,1.292322387340055718e-24,-3.759245853851234377e-19,0.000000000000000000e+00,6.103515625000000000e-05,-1.024000000000000000e+03
6.103515625000000000e-05,-2.384185791015625000e-07,-8.940696716308593750e-08,1.014969221812882391e-37,2.252679126150842465e-28,1.708968173769620128e-25,-6.103515625000000000e-05,0.000000000000000000e+00,4.882812500000000000e-04,7.713177226532033742e-36,1.912416757080799921e-24,2.554634101523682778e-19,0.000000000000000000e+00,6.103515625000000000e-05,-1.024000000000000000e+03
6.103515625000000000e-05,-2.384185791015625000e-07,-8.940696716308593750e-08,-1.726504861484937566e-37,-2.433572336918656641e-28,5.732684245715367394e-26,-6.103515625000000000e-05,0.000000000000000000e+00,4.882812500000000000e-04,-1.928421728383927648e-35,-1.424464477573627406e-24,-3.010431298555714853e-19,0.000000000000000000e+00,6.103515625000000000e-05,-1.024000000000000000e+03
6.103515625000000000e-05,-2.384185791015625000e-07,-8.940696716308593750e-08,2.656609878844028991e-37,-5.724950741431228502e-29,5.737808143813810747e-26,-6.103515625000000000e-05,0.000000000000000000e+00,4.882812500000000000e-04,3.621176354470920224e-35,-2.150148865554335565e-25,5.258037670190793275e-19,0.000000000000000000e+00,6.103515625000000000e-05,-1.024000000000000000e+03
6.103515625000000000e-05,-2.384185791015625000e-07,-8.940696716308593750e-08,-1.827644306822782687e-37,2.028823955372339171e-28,2.753143048148797318e-26,-6.103515625000000000e-05,0.000000000000000000e+00,4.882812500000000000e-04,-2.159440232659715403e-35,1.240246917973248455e-24,-3.984394076830511597e-19,0.000000000000000000e+00,6.103515625000000000e-05,-1.024000000000000000e+03
6.103515625000000000e-05,-2.384185791015625000e-07,-8.940696716308593750e-08,5.925427999092455744e-37,-2.294747695408578955e-28,-8.997870128169719232e-26,-6.103515625000000000e-05,0.000000000000000000e+00,4.882812500000000000e-04,6.698800792084878978e-35,-1.481362943907342782e-24,6.253061500836955795e-19,0.000000000000000000e+00,6.103515625000000000e-05,-1.024000000000000000e+03
6.103515625000000000e-05,-2.384185791015625000e-07,-8.940696716308593750e-08,3.058644874544116221e-37,-8.288244330495330462e-29,4.181015799263432105e-26,-6.103515625000000000e-05,0.000000000000000000e+00,4.882812500000000000e-04,3.689730404409158689e-35,-3.532778471602282272e-25,3.330649974275125772e-19,0.000000000000000000e+00,6.103515625000000000e-05,-1.024000000000000000e+03
6.103515625000000000e-05,-2.384185791015625000e-07,-8.940696716308593750e-08,2.960597029930203084e-37,-4.154416260800415006e-29,1.840025456998996483e-26,-6.103515625000000000e-05,0.000000000000000000e+00,4.882812500000000000e-04,3.486736075757832940e-35,-2.607369687992039428e-25,3.986271259833124124e-19,0.000000000000000000e+00,6.103515625000000000e-05,-1.024000000000000000e+03
6.103515625000000000e-05,-2.384185791015625000e-07,-8.940696716308593750e-08,-2.246500713496379312e-37,2.013051552092779903e-28,2.339046539690164473e-26,-6.103515625000000000e-05,0.000000000000000000e+00,4.882812500000000000e-04,-2.883838052382099092e-35,1.134711528350971054e-24,-3.875709782171403600e-19,0.000000000000000000e+00,6.103515625000000000e-05,-1.024000000000000000e+03
6.103515625000000000e-05,-2.384185791015625000e-07,-8.940696716308593750e-08,2.994429083221844300e-37,-2.446715845824127332e-28,-3.517916578666951291e-26,-6.103515625000000000e-05,0.000000000000000000e+00,4.882812500000000000e-04,3.271913909173208911e-35,-1.494286359079512855e-24,2.337577772886705551e-19,0.000000000000000000e+00,6.103515625000000000e-05,-1.024000000000000000e+03
6.103515625000000000e-05,-2.384185791015625000e-07,-8.940696716308593750e-08,3.378945381832574104e-38,-2.366483530270899474e-28,-1.285809255883711587e-25,-6.103515625000000000e-05,0.000000000000000000e+00,4.882812500000000000e-04,4.968271643554775173e-36,-1.383180428175017279e-24,-3.221951203955298096e-19,0.000000000000000000e+00,6.103515625000000000e-05,-1.024000000000000000e+03
6.103515625000000000e-05,-2.384185791015625000e-07,-8.940696716308593750e-08,2.757135667558376988e-37,-2.282940300402026908e-28,-2.161450530616790967e-26,-6.103515625000000000e-05,0.000000000000000000e+00,4.882812500000000000e-04,3.531948986403815963e-35,-1.505745056765913815e-24,2.950179462737352317e-19,0.000000000000000000e+00,6.103515625000000000e-05,-1.024000000000000000e+03
6.103515625000000000e-05,-2.384185791015625000e-07,-8.940696716308593750e-08,-2.366990409068392967e-37,1.736744642243862433e-28,-7.668704214118445751e-26,-6.103515625000000000e-05,0.000000000000000000e+00,4.882812500000000000e-04,-2.629238488580343144e-35,1.093261029301359294e-24,-2.388411640443269021e-19,0.000000000000000000e+00,6.103515625000000000e-05,-1.024000000000000000e+03
6.103515625000000000e-05,-2.384185791015625000e-07,-8.940696716308593750e-08,-2.100029374941503505e-37,-4.339866462557892431e-29,-5.379932765994147886e-27,-6.103515625000000000e-05,0.000000000000000000e+00,4.882812500000000000e-04,-2.375198260347374462e-35,1.283344558592961688e-25,-4.150475917206791339e-19,0.000000000000000000e+00,6.103515625000000000e-05,-1.024000000000000000e+03
6.103515625000000000e-05,-2.384185791015625000e-07,-8.940696716308593750e-08,-2.083873636790486970e-37,-4.422794598550776323e-29,-3.049805284913638478e-26,-6.103515625000000000e-05,0.000000000000000000e+00,4.882812500000000000e-04,-2.150172596167746621e-35,1.517888682933272918e-25,-4.318497496119507932e-19,0.000000000000000000e+00,6.103515625000000000e-05,-1.024000000000000000e+03
6.103515625000000000e-05,-2.384185791015625000e-07,-8.940696716308593750e-08,1.026642822747848139e-38,-2.325876982582195944e-28,-9.422484987463826303e-26,-6.103515625000000000e-05,0.000000000000000000e+00,4.882812500000000000e-04,6.578853876581075669e-36,-1.403337993670903488e-24,-2.166145366416914834e-19,0.000000000000000000e+00,6.103515625000000000e-05,-1.024000000000000000e+03
6.103515625000000000e-05,-2.384185791015625000e-07,-8.940696716308593750e-08,-2.160693715435790610e-37,2.189594809339952458e-28,-7.465146053097150101e-26,-6.103515625000000000e-05,0.000000000000000000e+00,4.882812500000000000e-04,-2.875637716547041465e-35,1.153801370611640624e-24,-3.994518767528160656e-19,0.000000000000000000e+00,6.103515625000000000e-05,-1.024000000000000000e+03
6.103515625000000000e-05,-2.384185791015625000e-07,-8.940696716308593750e-08,3.016882144567659417e-37,-2.370341167949507107e-28,-7.972804546402905966e-26,-6.103515625000000000e-05,0.000000000000000000e+00,4.882812500000000000e-04,3.289875210306159029e-35,-1.495270660274002373e-24,1.154150633034519837e-19,0.000000000000000000e+00,6.103515625000000000e-05,-1.024000000000000000e+03
6.103515625000000000e-05,-2.384185791015625000e-07,-8.940696716308593750e-08,2.956188208649805772e-37,-2.329321989770218613e-28,-6.820986273499377814e-26,-6.103515625000000000e-05,0.000000000000000000e+00,4.882812500000000000e-04,3.568117248621938827e-35,-1.503322957964045851e-24,1.238842554026527267e-19,0.000000000000000000e+00,6.103515625000000000e-05,-1.024000000000000000e+03
6.103515625000000000e-05,-2.384185791015625000e-07,-8.940696716308593750e-08,5.885879544897386442e-38,-2.329931546597617173e-28,-1.248369917321922366e-25,-6.103515625000000000e-05,0.000000000000000000e+00,4.882812500000000000e-04,6.039021871290363830e-36,-1.365023019504318945e-24,-3.449124468471681698e-19,0.000000000000000000e+00,6.103515625000000000e-05,-1.024000000000000000e+03
6.103515625000000000e-05,-2.384185791015625000e-07,-8.940696716308593750e-08,-3.271490452471832751e-37,-2.396826315803477326e-28,2.313925017644368470e-26,-6.103515625000000000e-05,0.000000000000000000e+00,4.882812500000000000e-04,-4.326438526653233483e-35,-1.416678814869548630e-24,-3.512586282054632826e-19,0.000000000000000000e+00,6.103515625000000000e-05,-1.024000000000000000e+03
6.103515625000000000e-05,-2.384185791015625000e-07,-8.940696716308593750e-08,-2.328159868102566556e-38,-2.443222690387494983e-28,-8.651445559427405121e-26,-6.103515625000000000e-05,0.000000000000000000e+00,4.882812500000000000e-04,-6.904479587083273008e-37,-1.528467504887512991e-24,-3.841175767079138963e-19,0.000000000000000000e+00,6.103515625000000000e-05,-1.024000000000000000e+03
6.103515625000000000e-05,-2.384185791015625000e-07,-8.940696716308593750e-08,-1.164162890920371307e-38,-2.409643620324617429e-28,-1.027648115155280553e-25,-6.103515625000000000e-05,0.000000000000000000e+00,4.882812500000000000e-04,1.073602867834996259e-36,-1.513717186466464207e-24,-3.662253240162680580e-19,0.000000000000000000e+00,6.103515625000000000e-05,-1.024000000000000000e+03
6.103515625000000000e-05,-2.384185791015625000e-07,-8.940696716308593750e-08,-1.380487500571436348e-38,-2.417977600676467095e-28,-7.533605621123525440e-26,-6.103515625000000000e-05,0.000000000000000000e+00,4.882812500000000000e-04,2.043689912344406799e-36,-1.521330877493204803e-24,-3.799067362515302821e-19,0.000000000000000000e+00,6.103515625000000000e-05,-1.024000000000000000e+03
